DRIVER
  os.environ['SMA_TSO_COSMOS_ELEMAT'] = '1'
  driver.registerSaveRule( UpdateRules.COPY, CheckPoints.ITER_COMPLETE, EventTimes.LAST, [ '*.ste*' ], 'SAVE.ste', '' )
  driver.registerSaveRule( UpdateRules.COPY, CheckPoints.ITER_COMPLETE, EventTimes.LAST, [ '*.ste*' ], 'SAVE.ste', '' )
  driver.registerSaveRule( UpdateRules.COPY, CheckPoints.ITER_COMPLETE, EventTimes.LAST, [ '*.lcd*' ], 'SAVE.ste', '' )
  driver.registerSaveRule( UpdateRules.COPY, CheckPoints.ITER_COMPLETE, EventTimes.LAST, [ '*.lcm*' ], 'SAVE.ste', '' )
END_

FEM_INPUT
  ID_NAME = Climb_Latch_Pillar_Gusset_1-Topology_Study_1_1
  FILE = Climb Latch Pillar Gusset 1-Topology Study 1.NOD
END_

*SET_DB,rint,130,1

GROUP_DEF
  ID_NAME = FROZEN_AREA_ELEMS_GRP_1
  TYPE=ELEM
  FORMAT=LIST
  LIST_BEGIN
6,14,16,17,29,31,35,38,39,52,56,217,253,301,344,349,368,377,385,388,439,448,457,482,492,500,
626,664,740,754,755,758,760,775,786,789,805,808,810,861,923,925,940,950,965,1058,1064,1065,
1066,1106,1116,1127,1129,1178,1304,1337,1413,1414,1415,1442,1502,1516,1532,1742,2016,2387,
2733,2754,2782,2854,2883,2887,2910,2911,2925,2926,2929,3072,3074,3116,3146,3235,3346,3357,
3362,3406,3482,3521,3712,3797,3891,3923,4032,4069,4138,4139,4215,4220,4288,4299,4419,4478,
4647,4648,4751,4877,5025,5085,5111,5211,5235,5238,5380,5537,5604,5662,5711,5712,5789,5793,
5803,5827,5961,5962,6004,6118,6128,6212,6214,6243,6244,6300,6369,6447,6505,6509,6641,6646,
6680,6706,6708,6839,6841,6995,7093,7192,7257,7428,7440,7445,7451,7511,7532,7574,7693,7833,
7835,8004,8008,8043,8136,8200,8220,8278,8280,8346,8350,8409,8465,8514,8515,8723,8756,8837,
8838,8971,9082,9091,9155,9177,9180,9182,9209,9210,9227,9272,9341,9359,9360,9361,9374,9378,
9489,9497,9697,9770,9784,9793,9820,9897,10025,10032,10038,10039,10120,10139,10185,10187,10223,
10351,10485,10545,10600,10785,10919,10921,11016,11019,11096,11122,11139,11207,11208,11209,
11265,11266,11496,11514,11533,11544,11554,11559,11585,11634,11635,11690,11706,11831,11832,
12076,12080,12138,12141,12174,12177,12274,12291,12302,12312,12316,12340,12382,12393,12398,
12470,12489,12491,12496,12498,12510,12549,12556,12561,12609,12649,12700,12701,12704,12765,
12766,12775,12795,12904,12987,12988,13047,13295,13325,13372,13401,13406,13418,13432,13437,
13440,13445,13466,13475,13478,13489,13512,13536,13549,13565,13586,13599,13740,13763,13781,
13814,13832,13844,13919,13941,14118,14241,14289,14316,14329,14352,14384,14395,14403,14407,
14416,14482,14486,14488,14489,14495,14504,14507,14528,14544,14571,14578,14583,14594,14596,
14602,14622,14625,14637,14639,14652,14658,14666,14667,14672,14691,14702,14711,14715,14717,
14721,14727,14730,14740,14745,14754,14758,14760,14761,14768,14770,14792,14798,14810,14813,
14841,14842,14853,14865,14879,14898,14927,14935,14947,14955,14958,14963,14971,15004,15019,
15060,15074,15079,15083,15085,15086,15088,15092,15094,15148,15159,15161,15169,15178,15180,
15186,15188,15190,15244,15252,15254,15270,15271,15277,15290,15306,15307,15312,15314,15315,
15316,15319,15321,15326,15346,15348,15351,15353,15360,15364,15372,15374,15378,15384,15388,
15390,15394,15397,15401,15419,15421,15426,15459,15476,15480,15482,15497,15499,15511,15522,
15527,15528,15530,15545,15547,15550,15551,15554,15559,15564,15565,15570,15571,15572,15574,
15585,15586,15587,15590,15592,15594,15599,15604,15619,15623,15624,15625,15630,15634,15635,
15638,15646,15654,15690,15698,15701,15714,15727,15736,15739,15745,15756,15760,15783,15785,
15788,15803,15817,15822,15853,15866,15894,15906,15907,15935,15940,15960,15964,15970,15987,
16004,16010,16020,16027,16034,16039,16045,16046,16050,16054,16064,16078,16080,16081,16107,
16115,16122,16127,16130,16131,16132,16136,16143,16154,16175,16193,16195,16202,16212,16233,
16234,16242,16248,16251,16258,16287,16289,16294,16305,16331,16332,16335,16356,16372,16378,
16414,16415,16430,16437,16447,16458,16464,16468,16469,16497,16506,16510,16520,16540,16548,
16567,16583,16588,16595,16601,16610,16613,16615,16632,16633,16641,16644,16653,16678,16691,
16710,16714,16715,16728,16749,16750,16759,16770,16782,16790,16831,16839,16853,16868,16869,
16893,16899,16909,16910,16913,16921,16923,16939,16963,17006,17013,17018,17034,17043,17047,
17049,17065,17069,17077,17080,17087,17090,17097,17122,17133,17145,17149,17151,17161,17173,
17178,17182,17193,17197,17199,17214,17215,17246,17252,17265,17266,17268,17293,17300,17334,
17338,17339,17376,17378,17387,17393,17402,17461,17462,17477,17481,17492,17513,17525,17605,
17615,17620,17625,17626,17627,17628,17630,17634,17635,17641,17669,17671,17673,17674,17678,
17681,17682,17686,17701,17704,17739,17767,17768,17780,17782,17784,17791,17805,17809,17818,
17836,17846,17848,17856,17859,17863,17866,17877,17882,17884,17892,17903,17912,17927,17938,
17944,17970,17974,17982,17990,17992,17997,18009,18010,18020,18028,18035,18039,18045,18064,
18069,18072,18075,18077,18079,18083,18093,18116,18121,18123,18145,18152,18161,18164,18167,
18176,18181,18183,18192,18198,18202,18211,18212,18221,18223,18224,18232,18239,18253,18267,
18271,18285,18297,18302,18304,18312,18313,18314,18315,18340,18363,18370,18374,18382,18392,
18402,18405,18409,18420,18423,18428,18438,18452,18472,18482,18484,18497,18507,18518,18523,
18532,18543,18549,18554,18562,18571,18573,18585,18612,18635,18647,18668,18672,18677,18684,
18688,18691,18704,18712,18718,18720,18736,18739,18742,18746,18748,18750,18751,18774,18775,
18778,18779,18783,18792,18793,18800,18807,18824,18848,18871,18880,18890,18894,18902,18905,
18911,18912,18913,18919,18923,18930,18934,18940,18942,18943,18978,18987,18988,18989,18999,
19024,19037,19048,19063,19070,19083,19089,19095,19101,19106,19108,19111,19119,19120,19136,
19153,19176,19178,19181,19183,19185,19188,19194,19196,19198,19201,19203,19205,19214,19220,
19221,19229,19236,19238,19245,19246,19253,19269,19271,19282,19287,19288,19295,19298,19302,
19306,19307,19308,19310,19312,19331,19335,19342,19344,19349,19428,19434,19451,19454,19456,
19460,19463,19465,19467,19477,19488,19489,19494,19503,19508,19513,19517,19519,19520,19521,
19524,19525,19543,19546,19570,19574,19604,19617,19627,19641,19646,19652,19653,19655,19672,
19677,19681,19685,19686,19688,19689,19691,19706,19709,19714,19716,19729,19732,19733,19734,
19761,19762,19767,19769,19775,19780,19784,19787,19803,19813,19822,19823,19824,19829,19844,
19881,19901,19913,19923,19929,19937,19938,19943,19946,19963,19973,19982,19986,19995,20007,
20009,20010,20011,20027,20033,20041,20045,20048,20058,20059,20068,20070,20071,20086,20089,
20097,20108,20109,20112,20114,20123,20128,20131,20146,20149,20150,20168,20174,20180,20190,
20192,20200,20205,20211,20213,20216,20217,20223,20226,20230,20244,20245,20249,20256,20260,
20261,20262,20265,20266,20267,20271,20274,20280,20295,20297,20311,20320,20332,20334,20349,
20362,20367,20371,20373,20377,20387,20394,20411,20415,20427,20441,20449,20461,20469,20473,
20476,20477,20482,20483,20491,20492,20493,20496,20498,20500,20508,20510,20512,20516,20521,
20523,20529,20530,20531,20544,20545,20557,20569,20576,20579,20591,20605,20618,20619,20622,
20629,20632,20635,20638,20642,20644,20673,20687,20698,20720,20736,20755,20766,20768,20784,
20785,20798,20800,20820,20835,20847,20848,20858,20864,20870,20881,20887,20889,20892,20896,
20899,20901,20905,20906,20913,20916,20929,20930,20932,20934,20937,20939,20947,20949,20967,
20968,20972,20973,20976,20978,20993,21007,21016,21028,21037,21048,21050,21053,21058,21059,
21075,21080,21091,21109,21110,21119,21120,21125,21129,21140,21147,21149,21157,21159,21167,
21168,21172,21173,21174,21177,21183,21185,21186,21188,21194,21198,21205,21214,21217,21218,
21219,21226,21227,21233,21234,21239,21242,21254,21255,21261,21268,21274,21276,21286,21291,
21293,21296,21312,21318,21337,21340,21349,21350,21353,21354,21366,21376,21380,21386,21395,
21396,21402,21405,21407,21408,21418,21419,21422,21424,21428,21439,21441,21443,21448,21449,
21461,21462,21467,21475,21476,21477,21484,21486,21526,21529,21551,21561,21575,21592,21605,
21609,21640,21644,21645,21649,21651,21653,21658,21660,21665,21666,21671,21673,21694,21695,
21702,21703,21711,21714,21716,21720,21728,21741,21747,21752,21753,21760,21764,21766,21774,
21777,21779,21787,21794,21795,21796,21798,21799,21800,21806,21834,21843,21846,21848,21851,
21867,21869,21870,21875,21876,21877,21878,21879,21880,21882,21883,21884,21892,21896,21899,
21901,21902,21907,21914,21916,21919,21931,21935,21953,21963,21967,21990,21992,22001,22033,
22039,22041,22043,22044,22054,22057,22086,22091,22104,22127,22128,22132,22133,22135,22141,
22143,22167,22184,22195,22200,22203,22204,22206,22214,22218,22219,22228,22231,22237,22241,
22242,22250,22252,22254,22266,22272,22278,22286,22290,22294,22295,22297,22300,22302,22304,
22306,22308,22309,22310,22313,22343,22354,22357,22367,22400,22410,22411,22414,22419,22425,
22430,22437,22440,22441,22443,22444,22449,22453,22458,22462,22473,22476,22490,22497,22521,
22523,22527,22533,22535,22540,22547,22553,22555,22560,22562,22564,22574,22588,22595,22601,
22611,22616,22629,22637,22645,22648,22654,22657,22684,22691,22694,22696,22701,22703,22706,
22713,22715,22716,22722,22731,22749,22752,22766,22769,22776,22794,22804,22805,22809,22810,
22812,22817,22822,22831,22833,22849,22869,22875,22876,22877,22878,22883,22885,22887,22889,
22893,22894,22899,22911,22912,22914,22921,22924,22931,22937,22941,22947,22952,22956,22964,
22973,22989,22996,23001,23036,23039,23040,23043,23078,23084,23092,23095,23096,23101,23103,
23117,23130,23131,23146,23147,23148,23149,23164,23167,23181,23193,23196,23200,23201,23202,
23222,23223,23234,23240,23245,23247,23257,23258,23287,23299,23302,23305,23307,23308,23314,
23321,23322,23331,23333,23337,23350,23356,23358,23362,23364,23380,23389,23392,23396,23398,
23403,23404,23407,23411,23412,23416,23420,23426,23428,23430,23433,23435,23436,23437,23447,
23451,23476,23480,23488,23489,23497,23505,23511,23517,23521,23522,23525,23558,23564,23568,
23586,23589,23591,23592,23593,23595,23599,23600,23603,23604,23609,23613,23635,23638,23639,
23645,23649,23650,23654,23670,23671,23673,23679,23683,23697,23708,23711,23717,23721,23730,
23731,23733,23738,23763,23780,23783,23786,23787,23788,23794,23809,23810,23811,23816,23820,
23821,23822,23824,23832,23837,23841,23849,23856,23857,23860,23863,23864,23869,23870,23880,
23891,23894,23911,23912,23915,23917,23924,23930,23935,23939,23943,23969,23974,23976,23978,
23980,23994,24009,24014,24026,24031,24035,24050,24053,24057,24060,24063,24078,24085,24093,
24094,24098,24101,24104,24110,24126,24127,24130,24132,24133,24137,24139,24148,24157,24158,
24163,24171,24180,24187,24192,24194,24205,24210,24211,24215,24223,24235,24243,24246,24248,
24249,24251,24254,24258,24260,24263,24269,24273,24276,24278,24284,24285,24295,24297,24310,
24319,24320,24327,24335,24338,24339,24344,24350,24356,24373,24374,24375,24390,24391,24393,
24396,24407,24408,24409,24423,24425,24428,24430,24440,24447,24459,24462,24476,24481,24482,
24492,24495,24496,24498,24500,24501,24507,24511,24512,24516,24517,24527,24531,24536,24546,
24547,24552,24554,24555,24560,24561,24568,24569,24578,24587,24590,24594,24603,24611,24616,
24645,24648,24651,24653,24661,24666,24669,24670,24677,24684,24688,24690,24691,24692,24699,
24702,24738,24739,24742,24747,24748,24750,24757,24761,24762,24768,24769,24770,24775,24776,
24783,24789,24796,24797,24801,24804,24805,24813,24816,24821,24852,24854,24856,24867,24871,
24874,24888,24896,24924,24930,24931,24935,24938,24940,24950,24952,24956,24957,24959,24960,
24962,24964,24966,24972,24974,24983,25003,25006,25013,25017,25018,25027,25032,25035,25041,
25042,25048,25051,25053,25075,25081,25088,25096,25107,25109,25113,25116,25117,25123,25128,
25136,25147,25150,25155,25157,25158,25164,25167,25169,25171,25175,25177,25181,25182,25188,
25189,25190,25191,25194,25195,25196,25199,25201,25216,25230,25231,25235,25256,25263,25265,
25270,25284,25288,25293,25302,25307,25311,25315,25317,25318,25325,25352,25354,25366,25375,
25399,25462,25482,25488,25527,25539,25540,25564,25601,25605,25606,25615,25618,25621,25625,
25636,25640,25643,25644,25649,25676,25679,25683,25684,25687,25697,25719,25762,25768,25769,
25784,25789,25790,25801,25803,25804,25807,25808,25811,25840,25849,25856,25876,25885,25886,
25887,25899,25907,25909,25913,25914,25916,25922,25928,25941,25946,25954,25958,25994,25995,
26003,26004,26005,26006,26007,26008,26010,26011,26012,26014,26023,26024,26027,26032,26034,
26039,26043,26055,26057,26060,26066,26067,26086,26092,26095,26097,26109,26111,26135,26138,
26139,26140,26142,26146,26148,26149,26152,26156,26246,26252,26262,26269,26271,26272,26275,
26284,26296,26297,26298,26314,26319,26326,26328,26334,26338,26341,26343,26348,26392,26398,
26402,26415,26432,26434,26438,26439,26442,26446,26448,26453,26484,26488,26490,26494,26497,
26498,26501,26502,26559,26566,26572,26580,26581,26582,26585,26586,26592,26594,26609,26613,
26614,26621,26623,26624,26625,26641,26643,26656,26668,26675,26688,26690,26701,26709,26710,
26711,26724,26737,26738,26740,26745,26749,26764,26786,26792,26793,26794,26801,26805,26812,
26814,26823,26825,26832,26836,26839,26851,26856,26870,26871,26878,26883,26887,26890,26898,
26912,26915,26917,26923,26924,26930,26931,26936,26937,26938,26940,26942,26947,26949,26950,
26955,26962,27038,27039,27041,27042,27043,27044,27045,27069,27076,27080,27082,27085,27092,
27093,27100,27101,27102,27103,27110,27111,27112,27116,27130,27136,27138,27140,27149,27154,
27156,27162,27164,27175,27182,27188,27194,27197,27198,27200,27204,27206,27208,27210,27211,
27213,27216,27217,27218,27221,27227,27228,27230,27232,27233,27234,27235,27249,27252,27257,
27262,27268,27270,27272,27277,27279,27283,27285,27295,27298,27301,27305,27310,27329,27355,
27368,27372,27373,27380,27383,27386,27399,27405,27410,27420,27436,27442,27447,27451,27455,
27471,27476,27480,27488,27490,27495,27502,27503,27505,27508,27514,27526,27535,27542,27545,
27551,27556,27560,27562,27570,27571,27594,27602,27606,27610,27615,27624,27625,27626,27628,
27630,27637,27675,27676,27684,27685,27713,27722,27727,27734,27735,27740,27746,27757,27763,
27764,27767,27795,27813,27825,27827,27828,27851,27854,27857,27861,27875,27878,27883,27889,
27896,27897,27900,27903,27933,28004,28034,28040,28041,28044,28045,28049,28050,28051,28053,
28084,28085,28090,28093,28094,28107,28116,28181,28212,28213,28215,28220,28222,28280,28283,
28287,28288,28322,28330,28349,28361,28402,28403,28405,28406,28411,28429,28431,28433,28452,
28459,28460,28462,28479,28529,28530,28536,28537,28538,28539,28542,28577,28638,28759,28883,
28888,28895,28898,28925,28943,28960,28989,28998,28999,29007,29008,29009,29012,29014,29015,
29036,29073,29133,29136,29167,29235,29246,29258,29273,29286,29298,29376,29379,29396,29398,
29404,29410,29490,29496,29541,29543,29544,29549,29554,29557,29571,29576,29601,29610,29614,
29617,29621,29626,29632,29634,29635,29648,29701,29732,29738,29741,29745,29746,29750,29755,
29784,29795,29796,29801,29803,29808,29809,29811,29814,29816,29817,29828,29830,29832,29844,
29880,29885,29912,29922,29929,29984,29988,29989,29994,30001,30003,30004,30011,30012,30014,
30015,30022,30029,30036,30041,30098,30110,30114,30121,30123,30138,30139,30140,30142,30148,
30150,30153,30164,30197,30210,30222,30224,30225,30226,30228,30229,30233,30281,30293,30294,
30297,30304,30306,30307,30316,30319,30321,30323,30329,30330,30343,30344,30350,30353,30358,
30372,30384,30387,30388,30390,30396,30398,30399,30400,30411,30419,30424,30431,30432,30447,
30449,30452,30456,30485,30507,30508,30515,30518,30519,30523,30525,30526,30534,30537,30538,
30539,30543,30548,30583,30584,30585,30586,30589,30592,30593,30612,30633,30639,30670,30675,
30678,30681,30687,30693,30695,30699,30707,30710,30714,30720,30721,30746,30752,30753,30755,
30767,30771,30775,30778,30785,30787,30789,30804,30822,30828,30829,30832,30844,30851,30866,
30870,30910,30912,30913,30938,30942,30964,30972,30973,30979,30985,30988,30990,30993,30995,
30996,30997,31000,31001,31012,31015,31036,31037,31040,31041,31044,31045,31048,31050,31051,
31053,31069,31071,31072,31073,31090,31140,31142,31175,31193,31198,31202,31205,31212,31213,
31216,31225,31226,31230,31235,31237,31240,31241,31242,31243,31244,31254,31255,31259,31275,
31276,31281,31283,31312,31314,31315,31317,31319,31320,31322,31325,31327,31331,31339,31353,
31368,31377,31381,31383,31387,31392,31395,31401,31409,31411,31413,31416,31426,31438,31452,
31453,31461,31480,31483,31500,31503,31509,31526,31533,31535,31545,31552,31554,31558,31560,
31571,31578,31588,31590,31609,31616,31617,31620,31622,31624,31625,31634,31638,31649,31657,
31658,31667,31669,31674,31684,31693,31694,31700,31717,31725,31728,31729,31732,31748,31753,
31758,31770,31780,31800,31810,31813,31817,31822,31829,31830,31831,31835,31838,31842,31852,
31855,31857,31865,31873,31877,31886,31894,31899,31902,31905,31924,31929,31933,31934,31935,
31962,31966,31980,32007,32046,32048,32050,32054,32067,32068,32069,32072,32074,32077,32082,
32087,32092,32129,32130,32142,32143,32148,32160,32162,32164,32166,32171,32180,32183,32197,
32199,32200,32214,32216,32226,32229,32237,32238,32248,32250,32251,32253,32258,32259,32262,
32276,32277,32279,32295,32303,32307,32309,32313,32319,32330,32338,32344,32352,32356,32360,
32387,32389,32391,32396,32397,32398,32399,32412,32413,32426,32440,32441,32447,32448,32453,
32459,32464,32476,32478,32482,32485,32495,32496,32507,32513,32514,32517,32543,32550,32552,
32565,32566,32580,32590,32593,32595,32598,32599,32601,32602,32604,32606,32610,32611,32612,
32615,32620,32628,32629,32631,32664,32681,32684,32689,32691,32703,32711,32712,32738,32753,
32758,32774,32779,32780,32782,32788,32790,32804,32805,32808,32811,32812,32815,32819,32827,
32830,32832,32836,32838,32840,32852,32855,32860,32861,32865,32875,32877,32888,32890,32901,
32912,32932,32936,32937,32938,32939,32953,32958,32963,32984,32988,32999,33001,33002,33007,
33010,33016,33017,33020,33021,33030,33033,33035,33043,33050,33051,33055,33064,33066,33070,
33071,33074,33078,33080,33082,33083,33084,33088,33097,33106,33107,33122,33129,33138,33145,
33149,33150,33153,33164,33166,33169,33177,33179,33186,33191,33194,33200,33204,33207,33220,
33223,33224,33225,33227,33228,33230,33234,33235,33247,33257,33258,33261,33276,33277,33281,
33282,33292,33299,33301,33303,33307,33311,33324,33329,33354,33356,33360,33363,33367,33386,
33389,33394,33396,33398,33399,33410,33412,33419,33420,33424,33428,33443,33444,33449,33460,
33467,33473,33480,33490,33502,33512,33533,33539,33542,33547,33550,33551,33553,33568,33569,
33573,33574,33581,33584,33585,33588,33613,33621,33622,33624,33635,33637,33649,33650,33659,
33660,33665,33666,33669,33715,33772,33773,33776,33777,33785,33786,33795,33796,33802,33809,
33811,33827,33834,33847,33852,33891,33894,33895,33899,33903,33904,33909,33923,33929,33934,
33936,33939,33940,33942,33943,33952,33958,33968,33970,33971,33972,33973,33975,33980,33981,
34005,34010,34013,34019,34020,34022,34024,34025,34026,34028,34029,34032,34036,34037,34039,
34048,34050,34054,34057,34059,34060,34064,34069,34072,34074,34077,34078,34079,34085,34090,
34091,34092,34094,34096,34102,34104,34113,34117,34120,34121,34124,34127,34129,34135,34152,
34154,34155,34157,34160,34161,34162,34165,34167,34194,34202,34206,34207,34208,34219,34221,
34223,34224,34226,34232,34235,34241,34243,34258,34260,34265,34266,34267,34269,34272,34273,
34275,34276,34281,34291,34297,34298,34307,34308,34309,34318,34328,34329,34331,34333,34335,
34340,34354,34357,34358,34361,34363,34376,34392,34394,34405,34409,34412,34414,34421,34423,
34433,34434,34435,34440,34441,34442,34445,34452,34469,34491,34495,34496,34500,34503,34506,
34510,34522,34528,34532,34540,34552,34578,34580,34593,34596,34604,34607,34614,34615,34617,
34620,34628,34632,34647,34648,34652,34675,34676,34678,34683,34685,34686,34689,34690,34695,
34700,34704,34706,34707,34717,34726,34741,34744,34748,34749,34772,34777,34778,34781,34785,
34786,34787,34789,34792,34793,34794,34795,34801,34805,34806,34810,34813,34820,34832,34852,
34862,34873,34881,34884,34887,34901,34909,34913,34919,34924,34925,34927,34929,34932,34934,
34937,34939,34943,34944,34945,34948,34949,34950,34952,34953,34954,34956,34957,34958,34959,
34965,34970,34972,34976,34980,34983,35003,35006,35007,35011,35012,35017,35018,35022,35025,
35028,35030,35032,35034,35038,35040,35048,35049,35068,35069,35082,35088,35090,35092,35094,
35100,35101,35102,35105,35106,35107,35109,35112,35113,35114,35122,35129,35139,35145,35147,
35158,35159,35168,35169,35175,35180,35187,35188,35189,35198,35204,35205,35214,35215,35220,
35225,35240,35242,35247,35249,35254,35262,35267,35276,35288,35293,35307,35308,35310,35311,
35312,35363,35366,35367,35369,35372,35373,35377,35383,35384,35391,35393,35398,35399,35400,
35404,35410,35411,35414,35418,35420,35426,35429,35431,35433,35450,35457,35458,35463,35464,
35468,35469,35474,35478,35507,35509,35576,35586,35605,35610,35620,35622,35623,35624,35633,
35634,35649,35650,35655,35659,35665,35677,35687,35688,35711,35712,35714,35715,35724,35728,
35735,35743,35816,35829,35831,35832,35834,35835,35838,35839,35845,35846,35847,35851,35854,
35855,35869,35870,35876,35877,35886,35893,35897,35898,35900,35902,35908,35909,35911,35920,
35921,35925,35929,35935,35937,35939,35946,35948,35949,35953,35963,35966,35970,35982,35986,
36002,36005,36007,36011,36012,36013,36018,36020,36021,36022,36023,36026,36041,36045,36049,
36060,36063,36075,36078,36081,36084,36087,36090,36097,36098,36100,36102,36105,36106,36114,
36116,36117,36123,36125,36127,36151,36153,36164,36223,36224,36232,36236,36250,36253,36256,
36258,36263,36267,36271,36281,36282,36284,36286,36287,36290,36293,36302,36304,36305,36306,
36307,36311,36313,36316,36317,36319,36325,36339,36342,36346,36350,36351,36359,36360,36361,
36375,36377,36382,36383,36385,36386,36387,36391,36392,36393,36398,36401,36404,36405,36415,
36439,36476,36478,36483,36484,36497,36500,36504,36506,36512,36515,36548,36579,36582,36585,
36588,36593,36594,36601,36612,36638,36645,36646,36648,36673,36676,36678,36696,36697,36702,
36736,36739,36741,36743,36746,36749,36814,36856,36859,36868,36870,36874,36877,36880,36882,
36884,36888,36898,36901,36908,36979,37009,37010,37048,37072,37073,37087,37090,37102,37119,
37130,37134,37143,37145,37147,37149,37155,37160,37163,37164,37167,37202,37211,37248,37252,
37255,37258,37261,37277,37284,37285,37286,37288,37293,37294,37295,37332,37333,37350,37353,
37391,37392,37398,37401,37440,37475,37476,37507,37511,37513,37515,37520,37530,37537,37542,
37559,37625,37631,37634,37678,37698,37707,37713,37759,37860,37867,37876,37880,37898,37900,
37904,37907,37908,37913,37915,37928,37936,37941,37949,37951,37952,37953,37954,37956,37964,
37965,37971,37972,37976,37984,37985,37988,37991,37994,37997,38002,38005,38006,38009,38010,
38020,38025,38030,38035,38038,38046,38061,38062,38063,38069,38070,38076,38080,38082,38088,
38089,38098,38100,38103,38106,38107,38117,38118,38119,38120,38133,38137,38140,38142,38143,
38147,38152,38157,38159,38166,38172,38175,38178,38184,38187,38188,38189,38190,38191,38204,
38214,38216,38218,38221,38222,38225,38232,38234,38243,38248,38250,38253,38258,38265,38269,
38270,38273,38279,38284,38286,38295,38300,38304,38307,38346,38349,38362,38363,38368,38371,
38372,38374,38375,38380,38385,38387,38390,38391,38396,38400,38403,38411,38413,38430,38431,
38437,38439,38446,38451,38452,38454,38455,38471,38476,38477,38480,38488,38491,38493,38501,
38502,38504,38511,38512,38513,38515,38521,38524,38527,38536,38537,38538,38552,38567,38568,
38569,38571,38573,38578,38580,38591,38592,38595,38597,38604,38608,38611,38616,38621,38622,
38623,38628,38631,38663,38664,38670,38672,38673,38675,38684,38716,38733,38734,38748,38755,
38759,38764,38767,38768,38781,38858,38870,38871,38876,38885,38886,38889,38890,38891,38894,
38899,38916,38918,38924,38927,38930,38967,38974,38975,38978,38983,38984,38987,38993,38995,
38998,39001,39003,39004,39014,39015,39033,39035,39046,39084,39086,39092,39096,39098,39105,
39108,39115,39119,39157,39194,39195,39201,39219,39248,39253,39255,39263,39267,39271,39272,
39274,39284,39285,39293,39295,39297,39301,39303,39307,39310,39312,39316,39318,39321,39326,
39332,39334,39341,39348,39353,39356,39358,39359,39361,39363,39370,39374,39382,39391,39393,
39397,39398,39399,39405,39420,39430,39439,39448,39449,39455,39459,39464,39465,39467,39474,
39482,39487,39491,39493,39494,39518,39522,39523,39524,39526,39529,39536,39538,39542,39553,
39554,39556,39559,39562,39583,39587,39597,39600,39601,39603,39606,39615,39619,39638,39639,
39652,39656,39658,39667,39671,39676,39680,39682,39683,39684,39685,39687,39709,39713,39714,
39716,39738,39761,39762,39763,39771,39772,39773,39776,39777,39781,39782,39790,39879,39898,
39906,39907,39909,39912,39914,39917,39920,39924,39927,39934,39951,39952,39954,39957,39960,
39961,39986,39989,39990,39995,40004,40008,40017,40018,40019,40027,40031,40032,40037,40038,
40047,40053,40054,40056,40057,40068,40074,40076,40090,40091,40096,40110,40119,40123,40124,
40134,40135,40140,40144,40150,40166,40185,40186,40189,40192,40199,40209,40210,40213,40216,
40219,40240,40246,40261,40263,40274,40275,40281,40283,40286,40287,40288,40289,40290,40295,
40304,40305,40306,40311,40313,40314,40322,40346,40350,40352,40356,40359,40365,40366,40367,
40369,40372,40375,40376,40378,40379,40380,40382,40383,40392,40393,40398,40402,40407,40461,
40503,40508,40510,40520,40522,40524,40525,40526,40528,40585,40586,40598,40615,40618,40682,
40707,40711,40720,40721,40723,40725,40726,40729,40734,40741,40742,40756,40759,40760,40768,
40772,40776,40800,40802,40809,40818,40827,40831,40834,40836,40837,40838,40841,40842,40847,
40848,40849,40853,40856,40864,40866,40870,40875,40876,40877,40889,40901,40906,40907,40911,
40918,40927,40941,40944,40946,40967,40971,40972,40980,40985,40991,40992,41003,41007,41014,
41016,41032,41033,41038,41039,41042,41043,41050,41052,41063,41066,41072,41073,41074,41083,
41089,41090,41099,41100,41104,41113,41117,41118,41119,41125,41135,41148,41149,41169,41176,
41186,41212,41217,41227,41230,41236,41238,41244,41251,41253,41257,41261,41262,41267,41269,
41272,41283,41285,41300,41301,41304,41308,41311,41312,41314,41319,41325,41326,41329,41335,
41343,41363,41367,41368,41379,41380,41381,41387,41403,41411,41413,41415,41422,41436,41437,
41440,41442,41443,41445,41449,41452,41455,41459,41463,41466,41471,41474,41478,41479,41488,
41494,41505,41508,41513,41517,41521,41524,41525,41527,41538,41541,41546,41548,41558,41566,
41567,41569,41570,41571,41572,41581,41582,41583,41617,41668,41694,41698,41702,41705,41706,
41707,41718,41722,41723,41746,41753,41772,41780,41784,41785,41787,41789,41790,41796,41818,
41819,41838,41839,41842,41845,41847,41849,41850,41853,41857,41864,41868,41910,41913,41915,
41923,41924,41926,41927,41929,41932,41934,41942,41949,41957,41963,41976,41984,41985,41994,
42003,42005,42010,42012,42015,42020,42024,42030,42034,42040,42043,42044,42048,42052,42053,
42058,42067,42068,42070,42081,42086,42089,42100,42101,42103,42104,42106,42109,42110,42111,
42112,42116,42120,42121,42126,42132,42133,42134,42141,42189,42194,42211,42218,42228,42231,
42235,42238,42240,42248,42249,42254,42255,42261,42268,42270,42275,42276,42281,42286,42288,
42289,42293,42311,42312,42314,42363,42368,42371,42372,42373,42385,42389,42392,42408,42434,
42435,42436,42440,42442,42443,42447,42454,42455,42458,42459,42468,42490,42491,42493,42498,
42500,42503,42526,42528,42531,42537,42552,42563,42564,42565,42568,42571,42573,42575,42577,
42582,42583,42584,42586,42587,42595,42596,42601,42603,42650,42652,42661,42663,42665,42666,
42695,42701,42714,42717,42718,42719,42720,42788,42804,42807,42811,42816,42818,42819,42824,
42825,42830,42833,42834,42840,42846,42848,42853,42857,42861,42888,42939,42944,42971,42977,
42978,42979,42980,42981,43010,43011,43012,43013,43017,43020,43039,43052,43059,43064,43073,
43080,43084,43087,43099,43106,43116,43117,43129,43130,43132,43140,43142,43145,43160,43164,
43165,43168,43169,43177,43208,43210,43211,43216,43219,43230,43233,43235,43237,43247,43256,
43305,43311,43312,43319,43323,43333,43336,43339,43341,43346,43350,43353,43355,43359,43362,
43365,43369,43372,43375,43380,43382,43385,43387,43390,43418,43424,43429,43434,43450,43458,
43461,43463,43464,43466,43472,43479,43482,43483,43485,43502,43503,43504,43506,43508,43512,
43513,43520,43529,43530,43535,43546,43550,43589,43591,43594,43596,43641,43642,43649,43650,
43651,43656,43658,43664,43692,43697,43698,43706,43709,43713,43716,43729,43730,43742,43743,
43765,43767,43784,43793,43796,43800,43804,43809,43813,43816,43817,43818,43819,43821,43827,
43869,43896,43902,43912,43917,43930,43931,43933,43939,43952,43956,43963,43970,43974,43975,
43976,43993,43996,44000,44033,44034,44070,44084,44087,44102,44139,44144,44146,44156,44159,
44162,44165,44169,44170,44171,44176,44179,44181,44191,44192,44193,44207,44211,44213,44214,
44215,44218,44219,44221,44224,44225,44228,44235,44251,44253,44254,44255,44259,44264,44266,
44267,44268,44270,44291,44333,44339,44343,44354,44361,44362,44373,44375,44378,44382,44385,
44386,44402,44404,44409,44410,44414,44417,44435,44438,44441,44442,44446,44448,44461,44470,
44471,44474,44486,44488,44489,44490,44493,44495,44496,44497,44498,44499,44500,44523,44543,
44551,44557,44582,44604,44605,44610,44615,44624,44627,44628,44632,44635,44639,44649,44650,
44656,44659,44660,44663,44668,44707,44708,44738,44740,44742,44748,44751,44752,44753,44766,
44769,44770,44781,44788,44792,44799,44800,44808,44811,44812,44815,44816,44820,44832,44845,
44846,44848,44851,44867,44868,44870,44871,44872,44874,44877,44878,44889,44890,44894,44900,
44908,44934,44936,44938,44939,44943,44944,44959,44966,44971,44972,44976,44987,44988,44990,
45007,45012,45034,45069,45071,45073,45076,45077,45089,45091,45099,45103,45104,45112,45114,
45120,45122,45128,45133,45136,45138,45146,45197,45215,45224,45233,45235,45253,45278,45288,
45300,45301,45305,45336,45410,45412,45414,45417,45418,45420,45426,45427,45431,45436,45444,
45451,45462,45468,45472,45480,45481,45520,45522,45527,45541,45551,45555,45632,45643,45650,
45651,45653,45672,45677,45680,45695,45698,45700,45703,45705,45708,45709,45716,45718,45736,
45738,45741,45747,45752,45754,45757,45803,45809,45813,45815,45821,45833,45840,45842,45845,
45846,45848,45851,45858,45870,45875,45894,45896,45897,45908,45934,45937,45942,45951,45963,
45967,45972,45973,45978,45986,45987,45999,46022,46024,46030,46037,46041,46047,46049,46050,
46051,46066,46070,46077,46078,46081,46085,46086,46093,46094,46095,46127,46128,46133,46135,
46143,46147,46148,46149,46161,46164,46165,46168,46182,46187,46200,46226,46245,46252,46254,
46260,46262,46304,46323,46329,46333,46346,46352,46358,46365,46370,46412,46422,46462,46465,
46466,46467,46468,46472,46494,46496,46500,46521,46530,46551,46566,46569,46584,46592,46597,
46610,46618,46640,46642,46648,46650,46656,46657,46663,46665,46674,46678,46695,46696,46697,
46698,46709,46716,46728,46729,46735,46737,46738,46744,46750,46756,46760,46765,46767,46783,
46791,46793,46794,46798,46816,46819,46828,46830,46840,46855,46900,46904,46918,46921,46931,
46934,46975,46993,46996,46997,46998,47001,47005,47015,47024,47069,47080,47090,47091,47092,
47097,47100,47101,47102,47105,47106,47115,47118,47119,47121,47133,47137,47152,47162,47210,
47211,47212,47213,47216,47217,47228,47232,47235,47248,47251,47256,47263,47265,47266,47273,
47275,47288,47289,47295,47296,47340,47345,47351,47358,47360,47367,47368,47381,47385,47391,
47396,47404,47406,47411,47415,47416,47439,47442,47444,47445,47449,47457,47469,47477,47478,
47492,47495,47497,47499,47504,47518,47559,47570,47571,47590,47601,47615,47617,47620,47638,
47641,47650,47652,47656,47665,47667,47668,47670,47671,47672,47674,47685,47690,47692,47702,
47704,47710,47717,47722,47725,47728,47729,47734,47736,47737,47739,47756,47786,47788,47797,
47803,47808,47821,47829,47837,47838,47841,47843,47848,47849,47851,47858,47870,47876,47882,
47885,47888,47892,47908,47911,47912,47917,47919,47920,47927,47929,47930,47931,47932,47946,
47959,47964,47967,47973,47974,47977,47987,47995,47999,48003,48004,48006,48011,48014,48020,
48022,48023,48024,48028,48030,48057,48063,48081,48082,48083,48085,48098,48102,48104,48120,
48128,48129,48144,48145,48158,48159,48161,48163,48164,48178,48179,48184,48188,48221,48236,
48240,48243,48244,48249,48274,48275,48356,48358,48359,48364,48375,48379,48381,48383,48390,
48396,48399,48401,48405,48413,48423,48424,48434,48448,48452,48453,48455,48460,48466,48468,
48469,48477,48480,48500,48505,48511,48513,48530,48542,48544,48546,48547,48554,48555,48557,
48558,48560,48568,48571,48579,48581,48583,48584,48600,48601,48610,48619,48621,48625,48627,
48628,48629,48635,48639,48640,48643,48644,48647,48651,48664,48670,48671,48672,48677,48678,
48687,48688,48690,48696,48701,48703,48719,48720,48723,48725,48737,48739,48741,48743,48744,
48745,48747,48748,48751,48752,48755,48772,48778,48779,48786,48790,48791,48792,48793,48797,
48798,48799,48800,48806,48807,48810,48811,48812,48814,48815,48818,48820,48823,48827,48833,
48835,48836,48837,48841,48843,48844,48849,48856,48857,48860,48861,48862,48870,48872,48874,
48897,48901,48905,48906,48907,48911,48913,48917,48935,48946,48955,48964,48965,48966,48972,
48974,48992,48994,48996,48999,49027,49034,49044,49047,49054,49055,49060,49062,49065,49066,
49074,49076,49082,49090,49093,49099,49100,49106,49109,49110,49115,49122,49124,49143,49145,
49150,49160,49161,49162,49172,49174,49175,49179,49183,49185,49186,49187,49192,49195,49196,
49197,49201,49202,49203,49208,49209,49214,49216,49218,49224,49226,49231,49234,49237,49244,
49246,49252,49254,49255,49256,49257,49258,49260,49264,49266,49272,49274,49275,49276,49281,
49284,49285,49288,49294,49299,49300,49303,49306,49309,49310,49312,49317,49325,49326,49329,
49332,49341,49345,49350,49359,49361,49362,49363,49366,49368,49370,49374,49379,49383,49384,
49385,49386,49387,49391,49394,49396,49410,49412,49413,49418,49421,49422,49423,49425,49428,
49429,49430,49433,49438,49440,49445,49446,49452,49453,49457,49459,49465,49473,49476,49480,
49482,49485,49488,49501,49514,49519,49520,49524,49525,49530,49533,49534,49538,49543,49547,
49556,49567,49571,49572,49574,49580,49585,49586,49588,49589,49591,49592,49600,49603,49607,
49608,49615,49617,49619,49625,49626,49627,49630,49631,49646,49648,49654,49655,49656,49657,
49662,49663,49666,49667,49689,49693,49695,49696,49705,49712,49719,49722,49745,49747,49749,
49755,49757,49761,49762,49764,49766,49767,49772,49773,49775,49779,49785,49788,49798,49802,
49807,49813,49814,49816,49817,49826,49829,49848,49861,49866,49867,49874,49882,49884,49885,
49887,49888,49892,49896,49901,49919,49926,49929,49933,49934,49938,49940,49941,49943,49944,
49969,49971,49972,49973,49975,49976,49977,49978,49991,49995,49997,49998,50002,50003,50008,
50027,50044,50052,50053,50062,50064,50068,50070,50073,50076,50096,50097,50136,50143,50151,
50152,50155,50157,50158,50160,50162,50185,50186,50191,50200,50211,50212,50213,50215,50242,
50250,50255,50267,50269,50271,50288,50304,50307,50308,50309,50310,50314,50315,50318,50329,
50357,50359,50360,50363,50364,50370,50375,50382,50385,50398,50409,50413,50421,50423,50425,
50426,50427,50428,50432,50436,50441,50442,50453,50471,50484,50486,50491,50505,50506,50516,
50520,50537,50540,50541,50542,50543,50544,50546,50548,50549,50550,50551,50556,50565,50572,
50575,50577,50578,50579,50591,50599,50603,50637,50640,50643,50646,50648,50649,50650,50652,
50654,50655,50656,50664,50667,50675,50676,50688,50700,50703,50704,50711,50712,50718,50722,
50723,50725,50740,50758,50768,50781,50789,50793,50797,50808,50809,50811,50814,50826,50827,
50832,50833,50844,50847,50852,50854,50865,50869,50871,50874,50877,50891,50892,50893,50894,
50896,50899,50904,50907,50922,50938,50945,50948,50950,50953,50957,50961,50971,50974,50975,
50978,51011,51012,51018,51036,51057,51085,51089,51097,51101,51103,51104,51106,51108,51112,
51115,51122,51126,51143,51147,51148,51151,51167,51171,51178,51185,51186,51195,51196,51205,
51207,51215,51216,51225,51233,51234,51239,51248,51249,51254,51267,51292,51293,51295,51298,
51299,51305,51307,51308,51314,51316,51325,51329,51331,51334,51337,51352,51379,51387,51391,
51398,51400,51407,51412,51429,51443,51452,51457,51459,51463,51466,51469,51470,51473,51476,
51479,51481,51487,51490,51496,51500,51506,51509,51510,51513,51523,51526,51531,51536,51546,
51560,51566,51585,51601,51613,51619,51621,51625,51633,51635,51636,51640,51641,51648,51652,
51674,51684,51685,51688,51691,51705,51715,51717,51720,51724,51727,51730,51795,51801,51817,
51821,51822,51828,51846,51854,51855,51857,51859,51860,51866,51871,51872,51876,51885,51893,
51918,51954,51955,51960,51963,51981,51984,51989,51993,51994,51995,52002,52004,52007,52044,
52045,52046,52047,52058,52079,52080,52088,52099,52104,52118,52128,52131,52149,52152,52156,
52159,52160,52166,52193,52196,52198,52247,52254,52269,52278,52285,52290,52310,52312,52316,
52342,52351,52363,52364,52365,52366,52372,52375,52376,52383,52385,52409,52411,52414,52426,
52431,52432,52439,52441,52447,52457,52471,52481,52484,52485,52489,52491,52500,52504,52511,
52524,52530,52531,52533,52537,52538,52564,52565,52566,52568,52579,52608,52650,52651,52652,
52653,52654,52656,52657,52663,52678,52682,52683,52684,52692,52695,52698,52700,52705,52707,
52708,52709,52718,52724,52726,52729,52730,52739,52740,52745,52748,52753,52760,52763,52764,
52792,52814,52837,52845,52869,52870,52886,52888,52890,52928,52930,52931,52954,52955,52963,
52969,52970,52971,52985,53008,53015,53037,53050,53064,53071,53077,53078,53082,53083,53084,
53085,53094,53143,53177,53203,53216,53220,53225,53236,53240,53245,53248,53250,53252,53253,
53266,53271,53286,53300,53301,53305,53306,53308,53310,53312,53316,53325,53326,53337,53340,
53357,53360,53363,53366,53392,53393,53395,53397,53405,53408,53427,53430,53452,53456,53464,
53466,53480,53495,53500,53508,53510,53527,53537,53548,53550,53552,53553,53555,53558,53561,
53564,53569,53600,53612,53617,53625,53630,53639,53641,53652,53659,53666,53729,53730,53734,
53744,53745,53748,53752,53758,53766,53779,53782,53795,53802,53810,53824,53832,53833,53834,
53836,53837,53838,53840,53845,53900,53905,53916,53926,53931,53932,53934,53936,53939,53941,
53942,53952,53959,53962,53966,53967,53973,53976,53978,53989,54013,54014,54018,54019,54028,
54037,54040,54042,54044,54047,54049,54050,54056,54060,54062,54063,54067,54068,54069,54070,
54073,54095,54102,54114,54116,54121,54122,54130,54134,54135,54139,54143,54144,54145,54149,
54150,54151,54178,54180,54181,54183,54184,54185,54188,54220,54221,54223,54228,54232,54233,
54258,54286,54290,54300,54301,54315,54335,54342,54343,54353,54355,54360,54361,54362,54365,
54366,54367,54369,54371,54372,54380,54384,54385,54388,54391,54392,54393,54396,54400,54402,
54406,54416,54417,54428,54446,54447,54463,54465,54467,54470,54475,54483,54502,54511,54514,
54517,54524,54527,54529,54535,54537,54539,54540,54541,54547,54548,54549,54551,54558,54566,
54567,54576,54581,54584,54588,54592,54606,54609,54623,54627,54630,54635,54637,54640,54641,
54642,54654,54657,54664,54669,54676,54678,54687,54688,54695,54696,54697,54698,54701,54702,
54705,54710,54723,54726,54734,54743,54744,54745,54748,54757,54759,54766,54771,54788,54801,
54802,54804,54811,54812,54817,54820,54822,54825,54827,54829,54831,54842,54844,54845,54846,
54857,54858,54862,54867,54871,54872,54873,54874,54879,54897,54907,54933,54934,54947,54986,
54996,54998,55000,55007,55017,55018,55020,55021,55038,55041,55055,55056,55064,55065,55072,
55078,55084,55086,55089,55090,55091,55095,55102,55105,55107,55112,55115,55116,55119,55123,
55126,55127,55129,55133,55144,55145,55152,55153,55202,55225,55227,55247,55252,55255,55257,
55260,55261,55265,55270,55271,55282,55284,55290,55326,55334,55337,55339,55342,55343,55358,
55360,55364,55365,55367,55369,55374,55382,55385,55390,55393,55395,55397,55398,55409,55420,
55452,55465,55499,55500,55509,55510,55521,55525,55534,55538,55559,55566,55569,55577,55612,
55617,55618,55619,55654,55664,55685,55688,55707,55711,55713,55715,55718,55721,55730,55733,
55815,55824,55838,55839,55896,55905,55909,55914,55916,55918,55925,55932,55933,55941,55960,
55968,55984,55985,55993,55995,55997,56001,56002,56055,56056,56060,56061,56064,56068,56077,
56079,56086,56087,56089,56092,56093,56096,56103,56104,56111,56112,56114,56115,56119,56120,
56122,56123,56126,56129,56138,56146,56162,56169,56176,56180,56186,56201,56205,56214,56217,
56221,56224,56226,56235,56242,56246,56251,56260,56261,56264,56266,56268,56271,56273,56306,
56315,56317,56322,56326,56349,56370,56371,56391,56394,56409,56411,56416,56430,56431,56434,
56436,56438,56439,56440,56442,56450,56458,56460,56471,56476,56489,56490,56491,56492,56499,
56500,56507,56508,56515,56516,56519,56521,56522,56523,56534,56535,56537,56538,56539,56541,
56543,56545,56547,56554,56556,56558,56562,56563,56571,56574,56575,56577,56585,56589,56592,
56596,56602,56611,56618,56630,56634,56637,56641,56647,56659,56661,56665,56667,56692,56695,
56696,56697,56701,56702,56708,56711,56715,56722,56726,56732,56734,56735,56736,56738,56739,
56741,56745,56746,56747,56748,56753,56759,56760,56761,56767,56768,56781,56791,56800,56801,
56814,56819,56828,56835,56839,56842,56844,56845,56852,56853,56855,56858,56862,56863,56867,
56871,56876,56877,56880,56881,56882,56891,56893,56896,56897,56904,56907,56908,56909,56914,
56935,56938,56939,56945,56946,56949,56952,56958,56960,56963,56972,56979,56985,56986,56991,
56993,56995,57003,57006,57010,57019,57022,57023,57024,57027,57029,57031,57035,57036,57037,
57038,57040,57042,57044,57054,57055,57058,57062,57068,57071,57072,57075,57084,57089,57092,
57093,57098,57101,57105,57110,57112,57114,57115,57128,57135,57139,57141,57152,57155,57158,
57168,57169,57172,57173,57176,57177,57178,57180,57182,57185,57187,57193,57194,57204,57210,
57213,57214,57215,57217,57218,57219,57233,57240,57245,57247,57250,57254,57258,57259,57262,
57268,57277,57279,57287,57297,57302,57310,57312,57318,57319,57324,57326,57331,57334,57337,
57340,57344,57346,57350,57354,57362,57363,57364,57365,57367,57368,57377,57378,57393,57400,
57401,57406,57408,57411,57413,57440,57450,57456,57457,57479,57485,57486,57487,57488,57507,
57508,57514,57515,57516,57517,57521,57527,57532,57539,57545,57552,57556,57559,57560,57570,
57574,57584,57585,57606,57607,57613,57619,57620,57623,57625,57626,57627,57633,57634,57649,
57650,57657,57660,57670,57704,57716,57717,57722,57723,57727,57729,57735,57736,57745,57754,
57755,57756,57759,57760,57789,57790,57791,57817,57820,57821,57823,57825,57827,57846,57857,
57861,57862,57863,57866,57881,57882,57883,57885,57903,57926,57927,57928,57954,57955,57965,
57968,57969,57971,57972,57977,57978,58005,58006,58008,58012,58014,58015,58021,58027,58028,
58035,58038,58048,58050,58074,58075,58080,58096,58104,58117,58126,58128,58130,58140,58175,
58201,58203,58205,58206,58209,58212,58213,58217,58218,58244,58246,58264,58290,58291,58322,
58357,58366,58372,58379,58390,58401,58429,58437,58438,58515,58520,58523,58528,58529,58532,
58536,58539,58540,58542,58545,58553,58601,58604,58611,58612,58666,58677,58711,58714,58736,
58737,58739,58740,58748,58762,58765,58769,58797,58805,58808,58852,58853,58878,58884,58891,
58894,58900,58909,58942,58946,58950,58972,59000,59001,59037,59043,59045,59053,59056,59061,
59069,59080,59089,59095,59115,59116,59128,59135,59141,59144,59148,59152,59157,59165,59167,
59168,59169,59175,59208,59217,59222,59225,59258,59270,59285,59298,59312,59322,59323,59326,
59334,59335,59345,59347,59354,59357,59363,59366,59369,59373,59387,59388,59407,59417,59421,
59433,59437,59445,59470,59510,59522,59537,59542,59543,59547,59548,59551,59553,59608,59616,
59626,59629,59636,59638,59647,59651,59652,59654,59682,59701,59712,59713,59716,59718,59740,
59744,59762,59763,59768,59796,59803,59831,59843,59867,59904,59922,59928,59930,59933,59937,
59942,59944,59946,59950,59951,59952,59983,59984,60003,60004,60005,60035,60083,60094,60095,
60116,60141,60142,60157,60159,60162,60163,60170,60173,60187,60212,60216,60217,60222,60223,
60228,60233,60242,60246,60247,60248,60253,60254,60256,60258,60268,60280,60287,60297,60299,
60305,60307,60308,60314,60317,60324,60330,60331,60332,60380,60393,60399,60404,60407,60410,
60411,60413,60418,60437,60442,60446,60448,60453,60455,60461,60465,60488,60493,60499,60500,
60520,60522,60535,60539,60540,60543,60551,60559,60590,60620,60624,60625,60626,60627,60634,
60642,60646,60657,60658,60675,60678,60679,60706,60727,60735,60738,60739,60745,60754,60755,
60758,60760,60762,60763,60773,60791,60803,60834,60835,60849,60938,60939,60940,60944,60970,
60980,60987,60990,60991,60995,61002,61003,61004,61005,61060,61063,61065,61067,61068,61087,
61096,61107,61130,61142,61147,61165,61167,61176,61177,61198,61201,61202,61210,61216,61263,
61274,61277,61282,61303,61306,61324,61353,61358,61366,61374,61377,61395,61470,61471,61499,
61510,61551,61552,61556,61608,61611,61644,61665,61677,61718,61720,61721,61727,61808,61826,
61866,61868,61876,61915,61926,61929,61972,61980,61982,62065,62067,62091,62107,62108,62111,
62113,62117,62125,62130,62151,62206,62209,62212,62214,62228,62265,62281,62282,62285,62288,
62297,62337,62387,62399,62439,62450,62503,62508,62513,62514,62519,62520,62523,62526,62529,
62530,62576,62578,62587,62588,62606,62655,62660,62666,62669,62671,62680,62685,62699,62706,
62724,62746,62750,62759,62763,62779,62782,62786,62787,62788,62795,62796,62797,62798,62799,
62830,62831,62841,62843,62848,62849,62855,62857,62858,62885,62886,62897,62950,62957,62964,
62968,62998,63009,63011,63029,63033,63037,63046,63075,63096,63101,63102,63111,63112,63114,
63143,63148,63151,63160,63169,63197,63199,63206,63220,63221,63225,63227,63235,63244,63246,
63269,63273,63277,63280,63292,63294,63295,63297,63298,63300,63304,63309,63313,63317,63318,
63328,63341,63342,63350,63353,63356,63367,63374,63379,63380,63384,63387,63393,63394,63399,
63400,63404,63408,63416,63417,63419,63421,63423,63426,63429,63432,63448,63458,63461,63473,
63485,63486,63487,63496,63497,63506,63507,63511,63533,63535,63540,63547,63549,63552,63553,
63555,63567,63568,63573,63578,63585,63592,63602,63605,63606,63615,63623,63640,63643,63657,
63661,63665,63666,63667,63673,63675,63679,63694,63698,63702,63705,63707,63709,63714,63715,
63720,63726,63732,63737,63738,63741,63743,63754,63757,63766,63767,63770,63784,63799,63808,
63813,63821,63829,63836,63840,63842,63848,63849,63850,63851,63852,63855,63856,63858,63861,
63880,63882,63895,63910,63917,63931,63934,63936,63944,63945,63946,63956,63957,63959,63968,
63977,63980,63983,63989,63990,63992,63995,64016,64029,64030,64031,64034,64039,64044,64048,
64054,64060,64069,64070,64076,64083,64084,64088,64097,64106,64108,64112,64114,64115,64116,
64118,64119,64121,64141,64153,64176,64180,64183,64184,64190,64191,64203,64204,64212,64218,
64219,64223,64225,64226,64233,64239,64242,64254,64270,64283,64288,64301,64308,64313,64314,
64318,64330,64331,64341,64347,64359,64372,64377,64383,64385,64389,64395,64405,64414,64417,
64422,64434,64436,64448,64491,64498,64503,64505,64508,64509,64510,64518,64525,64528,64529,
64535,64540,64548,64551,64554,64555,64558,64559,64563,64566,64571,64572,64577,64579,64585,
64589,64592,64594,64595,64597,64607,64608,64626,64630,64632,64634,64648,64660,64667,64674,
64678,64690,64692,64696,64702,64705,64706,64715,64716,64724,64727,64733,64735,64742,64746,
64752,64754,64768,64769,64770,64780,64784,64787,64799,64800,64807,64816,64824,64849,64852,
64856,64860,64861,64862,64863,64865,64867,64874,64875,64882,64884,64888,64890,64895,64896,
64897,64903,64911,64915,64918,64924,64927,64928,64954,64961,64973,64989,65008,65013,65020,
65026,65028,65031,65041,65046,65047,65059,65072,65073,65078,65084,65090,65092,65095,65096,
65099,65103,65104,65107,65108,65111,65115,65120,65122,65124,65126,65128,65129,65131,65135,
65141,65145,65152,65154,65160,65163,65168,65170,65181,65203,65213,65221,65223,65225,65226,
65227,65230,65231,65238,65241,65247,65248,65254,65255,65261,65269,65298,65304,65306,65315,
65320,65333,65334,65338,65344,65347,65359,65361,65371,65373,65375,65388,65390,65392,65393,
65395,65399,65401,65414,65422,65424,65434,65437,65440,65441,65446,65453,65458,65467,65479,
65480,65492,65493,65500,65506,65516,65518,65523,65524,65527,65529,65532,65533,65537,65551,
65552,65555,65558,65565,65570,65576,65600,65606,65607,65609,65610,65611,65613,65616,65620,
65624,65627,65632,65634,65637,65638,65639,65643,65647,65654,65655,65657,65668,65672,65675,
65676,65690,65699,65701,65706,65707,65717,65724,65737,65758,65759,65765,65768,65770,65771,
65772,65774,65779,65785,65786,65787,65789,65795,65801,65815,65828,65842,65854,65855,65861,
65862,65863,65868,65880,65891,65908,65930,65953,65957,65971,65974,65984,66021,66026,66027,
66035,66039,66041,66049,66053,66057,66071,66075,66076,66077,66080,66082,66089,66090,66095,
66105,66106,66120,66127,66131,66132,66133,66136,66137,66145,66156,66165,66168,66169,66172,
66183,66188,66192,66193,66196,66197,66198,66200,66203,66206,66212,66230,66232,66239,66245,
66253,66254,66264,66265,66266,66268,66269,66271,66272,66273,66275,66277,66279,66280,66281,
66285,66291,66292,66297,66298,66299,66303,66304,66308,66310,66311,66312,66314,66316,66328,
66329,66333,66334,66340,66348,66351,66360,66367,66372,66373,66392,66397,66399,66401,66403,
66404,66406,66407,66408,66415,66421,66426,66429,66430,66433,66435,66437,66440,66442,66445,
66449,66451,66455,66466,66472,66478,66491,66492,66507,66509,66510,66513,66522,66523,66530,
66533,66536,66538,66546,66548,66554,66568,66570,66575,66580,66581,66584,66587,66592,66598,
66603,66607,66608,66609,66612,66613,66616,66617,66624,66625,66629,66638,66639,66640,66644,
66651,66652,66653,66688,66697,66731,66737,66742,66743,66744,66763,66764,66771,66774,66785,
66786,66789,66791,66793,66800,66815,66821,66825,66830,66833,66837,66843,66844,66846,66849,
66850,66851,66854,66857,66859,66860,66880,66883,66887,66889,66892,66898,66903,66907,66909,
66915,66917,66919,66924,66926,66937,66939,66941,66945,66952,66956,66959,66962,66968,66971,
66972,66973,66979,66986,66996,67001,67004,67016,67025,67027,67034,67041,67042,67049,67052,
67054,67063,67074,67079,67082,67083,67085,67089,67090,67091,67092,67128,67134,67135,67141,
67142,67165,67166,67184,67186,67190,67193,67239,67246,67262,67296,67298,67319,67320,67325,
67336,67343,67352,67353,67355,67374,67377,67380,67384,67385,67391,67392,67394,67411,67417,
67418,67436,67437,67444,67451,67463,67469,67470,67471,67484,67512,67529,67534,67542,67543,
67547,67560,67582,67583,67599,67601,67603,67630,67657,67738,67749,67758,67761,67763,67772,
67810,67816,67856,67924,67938,67952,67953,67960,67963,67990,67995,68022,68065,68066,68109,
68110,68115,68150,68163,68168,68174,68247,68253,68255,68259,68267,68272,68277,68286,68288,
68290,68295,68297,68301,68305,68309,68384,68405,68504,68512,68513,68576,68590,68593,68598,
68650,68677,68679,68704,68739,68765,68769,68776,68778,68779,68790,68818,68829,68837,68858,
68874,68879,68904,68972,68978,68989,68996,69003,69015,69023,69029,69047,69050,69058,69063,
69072,69073,69074,69077,69079,69116,69191,69193,69218,69226,69251,69285,69408,69410,69415,
69428,69437,69439,69444,69458,69460,69462,69466,69468,69469,69474,69475,69476,69478,69484,
69492,69496,69502,69516,69517,69520,69527,69541,69560,69562,69592,69600,69607,69608,69610,
69616,69618,69621,69623,69624,69641,69653,69663,69675,69684,69705,69715,69722,69728,69730,
69731,69733,69735,69737,69738,69742,69744,69745,69748,69749,69752,69756,69757,69769,69776,
69777,69779,69793,69794,69797,69802,69806,69815,69817,69821,69831,69836,69839,69841,69843,
69844,69846,69851,69852,69855,69863,69866,69870,69875,69876,69879,69880,69884,69885,69894,
69903,69905,69911,69924,69927,69928,69929,69930,69943,69944,69946,69950,69953,69956,69965,
69967,69968,69971,69976,69979,69981,69984,69986,69987,69988,70001,70027,70053,70055,70066,
70080,70090,70092,70098,70099,70100,70104,70105,70106,70110,70126,70127,70130,70143,70161,
70166,70178,70189,70191,70198,70199,70203,70208,70209,70213,70214,70220,70225,70229,70231,
70233,70243,70246,70248,70249,70261,70262,70268,70275,70278,70282,70289,70291,70293,70294,
70298,70303,70305,70309,70314,70321,70328,70329,70336,70338,70345,70375,70386,70403,70408,
70413,70418,70424,70425,70428,70435,70441,70445,70448,70450,70451,70454,70461,70464,70472,
70477,70478,70495,70497,70501,70502,70504,70513,70514,70516,70518,70565,70579,70580,70585,
70627,70636,70637,70639,70670,70684,70686,70690,70697,70701,70703,70707,70709,70710,70722,
70732,70734,70735,70736,70737,70741,70748,70780,70789,70811,70823,70844,70846,70852,70864,
70895,70921,70925,70976,70990,71047,71048,71049,71062,71063,71067,71078,71086,71171,71179,
71181,71185,71188,71210,71211,71215,71216,71217,71218,71219,71222,71223,71224,71227,71228,
71233,71234,71243,71245,71248,71250,71252,71254,71265,71266,71267,71272,71274,71275,71278,
71280,71290,71296,71300,71302,71308,71381,71382,71383,71390,71392,71400,71405,71408,71413,
71419,71423,71550,71565,71571,71574,71575,71622,71629,71712,71742,71752,71753,71792,71794,
71797,71804,71805,71813,71829,71844,71854,71857,71859,71862,71893,71899,71900,71906,71912,
71913,71914,71918,71920,71921,71922,71923,71924,71925,71926,71928,71931,71935,71951,71952,
71956,71973,71975,71976,71979,71980,72002,72003,72016,72019,72022,72026,72028,72030,72032,
72055,72063,72064,72069,72094,72156,72166,72169,72172,72176,72243,72250,72254,72265,72274,
72301,72314,72321,72324,72330,72348,72415,72420,72423,72431,72432,72490,72503,72508,72533,
72543,72557,72558,72681,72748,72768,72862,72868,72875,72879,72939,72941,72946,72956,73048,
73063,73085,73135,73138,73202,73225,73235,73352,73363,73379,73380,73432,73474,73482,73526,
73600,73616,73625,73627,73679,73686,73692,73699,73734,73737,73750,73755,73799,73802,73808,
73873,73889,73906,74000,74016,74037,74042,74093,74106,74113,74142,74152,74160,74164,74183,
74188,74192,74197,74246,74253,74259,74261,74267,74269,74273,74274,74375,74376,74379,74384,
74390,74494,74566,74584,74589,74592,74685,74687,74694,74706,74721,74733,74758,74760,74761,
74772,74774,74775,74786,74787,74792,74795,74808,74809,74827,74838,74839,74847,74851,74900,
74918,74920,74922,74924,74929,74936,74960,74991,75011,75043,75068,75084,75098,75102,75111,
75122,75130,75151,75244,75251,75256,75260,75265,75301,75318,75326,75358,75360,75364,75368,
75410,75474,75479,75577,75711,75770,75776,75782,75784,75795,75852,75854,75855,75866,75936,
76002,76003,76010,76042,76116,76160,76161,76164,76165,76266,76269,76865,76870,76910,76917,
76920,76966,76977,76980,77001,77142,77143,77242,77247,77249,77259,77659,77710,77716,77826,
78181,78190,78224,78225,78226,78749,78753,78768,78845,78853,79245,79246,79408,79708,80728,
80732,81063,81083,81084,81085,81094,81206,81233,81235,81242,81247,81248,81250,81251,81257,
81262,81273,81276,82494,82495,82510,82721,83244,83702,84110,84561,84684,85054,86004,86183,
86191,86299,86424,86523,86814,86824,86868,86869,86878,86936,86943,86946,86951,86959,86969,
86983,86984,86987,86997,87007,87023,87051,88226,88536,88538,88839,90674,90676,91570,91571,
91614,92503,92504,92505,92506,92508,92509,92712,92713,92715,92716,92717,92721,92722,92724,
92726,92727,92729,92733,92734,92735,92736,92741,92744,92745,92748,92749,92750,92752,92756,
92757,92764,92771,92774,92776,92778,92785,92787,92793,92820,92830,92831,92832,92840,92841,
92844,92845,92848,92850,92851,92852,92854,92863,92864,92865,92866,92867,92868,92872,92903,
92905,92906,92908,92914,92918,92922,92924,92927,92936,92940,92941,92944,92953,92959,92973,
92974,92975,92980,92981,92982,92989,92993,92996,92997,93002,93007,93008,93012,93013,93014,
93015,93016,93017,93019,93021,93049,93051,93496,93504,93508,93512,93515,93517,93527,93532,
93536,93541,93559,93560,93569,93570,93587,93589,93595,93596,93597,93602,93603,93610,93653,
93712,93714,93910,93924,94025,94026,94027,94028,94029,94032,94039,94045,94053,94056,94057,
94059,94078,94083,94087,94089,94470,94839,95180,95181
END_

! ----------------------------------------------------------------
!
! Design Response: Stiffness_Measure
!
DRESP
  ID_NAME = Stiffness_Measure
  LIST = NO_LIST
  DEF_TYPE = SYSTEM
  EL_GROUP = ALL_ELEMENTS
  TYPE = ENERGY_STIFF_MEASURE
  GROUP_OPER = SUM
  LC_SEL = SUM 
  LC_SET = STATIC, ALL, ALL, MAX
END_

! ----------------------------------------------------------------
!
! Design Response: Mass_DResp_1
!
DRESP
  ID_NAME = Mass_DResp_1
  LIST = NO_LIST
  DEF_TYPE = SYSTEM
  EL_GROUP = ALL_ELEMENTS
  TYPE = WEIGHT
  GROUP_OPER = SUM
END_

! ----------------------------------------------------------------
!
!
! Design Area: Task1_DESIGN_AREA
!
DV_TOPO
  ID_NAME = Task1_DESIGN_AREA
  EL_GROUP = ALL_ELEMENTS
END_

! ----------------------------------------------------------------
!
! Objective Function: StiffnessEnergy_Obj_Func
!
OBJ_FUNC
  ID_NAME = StiffnessEnergy_Obj_Func
  DRESP = Stiffness_Measure, 1.0
  TARGET = MIN
END_

! ----------------------------------------------------------------
!
! Constraint: Mass_Constraint_1
!
CONSTRAINT
  ID_NAME = Mass_Constraint_1
  DRESP = Mass_DResp_1
  MAGNITUDE = REL
  LE_VALUE = 0.7
END_

! ----------------------------------------------------------------
!
! Geometric Restriction: Frozen_ManufacConstraint_2
!
DVCON_TOPO
  ID_NAME = Frozen_ManufacConstraint_2
  EL_GROUP = FROZEN_AREA_ELEMS_GRP_1
  CHECK_TYPE = FROZEN
END_

! ----------------------------------------------------------------
!
!
! Optimize: OPTIMIZE_1_TOPOLOGY_OPTIMIZATION_CONTROLLER 
!
OPTIMIZE
  ID_NAME = OPTIMIZE_1_TOPOLOGY_OPTIMIZATION_SENSITIVITY
  DV = Task1_DESIGN_AREA
  OBJ_FUNC = StiffnessEnergy_Obj_Func
  DVCON = Frozen_ManufacConstraint_2
  CONSTRAINT = Mass_Constraint_1
  STRATEGY = TOPO_SENSITIVITY
END_

OPT_PARAM
  ID_NAME = OPTIMIZE_1_TOPOLOGY_OPTIMIZATION_SENSITIVITY_OPT_PARAM_
  OPTIMIZE = OPTIMIZE_1_TOPOLOGY_OPTIMIZATION_SENSITIVITY
  DV_UPDATE_STRATEGY = CSA
  AUTO_FROZEN = BOTH
  AUTO_FROZEN_CON = BOTH
  STOP_CRITERION_LEVEL = BOTH
  STOP_CRITERION_OBJ = 0.001
  STOP_CRITERION_DENSITY = 0.005
END_

STOP
  ID_NAME = Task-1_GLOBAL_STOP_CONDITION_
  ITER_MAX = 75
END_

